Sample	0	1	2	3	4	5	6	7	8	9	10	11	12	13	14	15	16	17	18	19	20	21	22	23	24	25	26	27	28	29	30	31	32	33	34	35	36	37	38	39	40	41	42	43	44	45	46	47	48	49	50	51	52	53	54	55	56	57	58	59	60	61	62	63	64	65	66	67	68	69	70	71	72	73
Sample_A_R1 - polya	(1, 0.0156589821661592)	(2, 0.021002920524451626)	(3, 0.023861306157956876)	(4, 0.029080966880009943)	(5, 0.033803517057105575)	(6, 0.039147455415398)	(7, 0.043621450320014916)	(8, 0.04921394395078606)	(9, 0.05368793885540297)	(10, 0.05952898775865283)	(12, 0.0692847822034425)	(14, 0.07748710619524016)	(16, 0.0873050394581495)	(18, 0.09762008326601629)	(20, 0.10799726589200273)	(22, 0.11657242279251849)	(24, 0.12545827378363264)	(26, 0.13477909650158454)	(28, 0.14490772385509226)	(30, 0.15379357484620643)	(32, 0.16187162120176474)	(34, 0.17013608401168212)	(36, 0.18107251600074564)	(38, 0.19169825389921086)	(40, 0.20251040825203503)	(42, 0.21152053687938854)	(44, 0.22059280432486172)	(46, 0.22960293295221523)	(48, 0.2384887839433294)	(50, 0.2473124961163239)	(52, 0.2562604859255577)	(54, 0.2653948921891506)	(56, 0.2753371030882993)	(58, 0.28422295407941345)	(60, 0.2924874168893308)	(62, 0.3005033244267694)	(64, 0.3093891754178836)	(66, 0.3177157770459206)	(68, 0.32678804449139376)	(70, 0.33561175666438825)	(72, 0.34393835829242525)	(74, 0.35307276455601816)	(76, 0.3622693096377307)	(78, 0.3712794382650842)	(80, 0.3804138445286771)	(82, 0.39016963897346674)	(84, 0.3986826570558628)	(86, 0.407568508046977)	(88, 0.41664077549245015)	(90, 0.42378673957621327)	(92, 0.43248617411296836)	(94, 0.44093705337724476)	(96, 0.44994718200459827)	(98, 0.45970297644938796)	(100, 0.4679053004411856)	(102, 0.4754862362517865)	(104, 0.4844342260610203)	(106, 0.49375504877897225)	(108, 0.5012117069533337)	(110, 0.5096625862176101)	(112, 0.5179891878456472)	(114, 0.5283042316535139)	(116, 0.5369415273721494)	(118, 0.5460759336357422)	(120, 0.5566395327160878)	(122, 0.5662089107065184)	(124, 0.5756540110607096)	(126, 0.5849748337786616)	(128, 0.5947927670415709)	(130, 0.6021872863978127)	(132, 0.6107003044802088)	(134, 0.6180948238364506)	(136, 0.6269185360094451)	(138, 0.6344373330019264)
Sample_A_R2 - polya	(1, 0.014416205803765613)	(2, 0.018144534890946373)	(3, 0.02336419561299944)	(4, 0.029702355061206737)	(5, 0.03467346051078109)	(6, 0.039520288324116075)	(7, 0.043870005592493634)	(8, 0.04859255576958926)	(9, 0.05331510594668489)	(10, 0.059342571304293795)	(12, 0.06791772820480954)	(14, 0.07723855092276144)	(16, 0.08481948673336234)	(18, 0.09407817063319455)	(20, 0.1029640216243087)	(22, 0.11240912197849998)	(24, 0.12266202696824707)	(26, 0.13322562604859256)	(28, 0.14149008885850992)	(30, 0.14987882930466662)	(32, 0.15851612502330203)	(34, 0.16789908655937363)	(36, 0.17485863418877773)	(38, 0.18349592990741315)	(40, 0.19169825389921083)	(42, 0.20064624370844467)	(44, 0.20940781706331946)	(46, 0.21754800223699744)	(48, 0.22618529795563289)	(50, 0.23618964767290127)	(52, 0.2456347480270925)	(54, 0.25365065556453115)	(56, 0.26272292301000433)	(58, 0.2716087740011185)	(60, 0.2817374013546262)	(62, 0.2892561983471075)	(64, 0.2987012987012987)	(66, 0.30870564841856707)	(68, 0.31734294413720254)	(70, 0.3260423786739576)	(72, 0.3334368980301995)	(74, 0.3417634996582365)	(76, 0.3510221835580687)	(78, 0.3601565898216616)	(80, 0.36779966445038215)	(82, 0.3757534331697011)	(84, 0.38420431243397746)	(86, 0.39489218915056234)	(88, 0.40508295532218974)	(90, 0.41390666749518423)	(92, 0.4235381843037346)	(94, 0.4329832846579258)	(96, 0.4401913875598086)	(98, 0.44808301746100787)	(100, 0.4573417013608401)	(102, 0.4674081898962282)	(104, 0.47753681724973596)	(106, 0.48611197415025165)	(108, 0.4927608276890574)	(110, 0.5010252904989747)	(112, 0.5088547815820543)	(114, 0.5174920773006897)	(116, 0.5264400671099236)	(118, 0.5358230286459951)	(120, 0.5457652395451438)	(122, 0.5547132293543777)	(124, 0.562977692164295)	(126, 0.5721742372460076)	(128, 0.5815571987820791)	(130, 0.5906294662275524)	(132, 0.6005095383085814)	(134, 0.6090846952090971)	(136, 0.6181569626545703)	(138, 0.6274156465544025)
Sample_B_R1 - polya	(1, 0.016156092711116635)	(2, 0.02174858634188778)	(3, 0.02547691542906854)	(4, 0.029205244516249302)	(5, 0.032933573603430064)	(6, 0.03790467905300441)	(7, 0.044118560864972345)	(8, 0.0490896663145467)	(9, 0.054060771764121045)	(10, 0.059342571304293795)	(12, 0.06555645311626174)	(14, 0.07549866401541042)	(16, 0.08637295718635432)	(18, 0.0975579444478966)	(20, 0.1065680730752501)	(22, 0.11619958988380041)	(24, 0.12458833032995711)	(26, 0.13453054122910582)	(28, 0.1472689989436401)	(30, 0.15565773938979682)	(32, 0.15969676256757598)	(34, 0.16901758528552788)	(36, 0.17740632573168458)	(38, 0.18765923072143167)	(40, 0.19480519480519481)	(42, 0.20505809979494188)	(44, 0.2134468402410986)	(46, 0.22090349841546014)	(48, 0.22618529795563286)	(50, 0.23799167339837196)	(52, 0.2454483315727335)	(54, 0.2516622133847014)	(56, 0.25942956564966135)	(58, 0.2662648356428261)	(60, 0.272478717454794)	(62, 0.2808674579009507)	(64, 0.2901882806189026)	(66, 0.2973342447026658)	(68, 0.3051015969676257)	(70, 0.3144224196855776)	(72, 0.3231218542223327)	(74, 0.331199900577891)	(76, 0.3402100292052445)	(78, 0.34859876965140124)	(80, 0.3569875100975579)	(82, 0.3653762505437147)	(84, 0.3768719318958553)	(86, 0.3830858137078233)	(88, 0.3908531659727832)	(90, 0.40390231777791585)	(92, 0.4144659168582614)	(94, 0.42316535139501643)	(96, 0.4315540918411732)	(98, 0.44025352637792825)	(100, 0.44771018455228984)	(102, 0.46013794817622566)	(104, 0.469769464984776)	(106, 0.4806437581557199)	(108, 0.487789722239483)	(110, 0.5020816504070093)	(112, 0.5138880258497484)	(114, 0.5247623190206923)	(116, 0.5306655067420618)	(118, 0.5390542471882185)	(120, 0.5474429876343752)	(122, 0.5564531162617288)	(124, 0.5654632448890822)	(126, 0.5704343503386566)	(128, 0.5791337848754117)	(130, 0.588765301683962)	(132, 0.597464736220717)	(134, 0.6064748648480707)	(136, 0.6148636052942273)	(138, 0.6260485925557695)
Sample_B_R2 - polya	(1, 0.018641645435903808)	(2, 0.022991362704281364)	(3, 0.028583856335052508)	(4, 0.032933573603430064)	(5, 0.03604051450941403)	(6, 0.04225439632138197)	(7, 0.04536133722736593)	(8, 0.04971105449574349)	(9, 0.05654632448890822)	(10, 0.06244951221027776)	(12, 0.07239172310942646)	(14, 0.0776735226495992)	(16, 0.08761573354874791)	(18, 0.09880072081029019)	(20, 0.1075001553470453)	(22, 0.1171316721555956)	(24, 0.1270738830547443)	(26, 0.1357733175914994)	(28, 0.14229789349406574)	(30, 0.14851177530603368)	(32, 0.158143292114584)	(34, 0.1646678680171503)	(36, 0.17274591437270864)	(38, 0.1829988193624557)	(40, 0.19294103026160442)	(42, 0.20101907661716273)	(44, 0.20754365251972906)	(46, 0.21779655750947619)	(48, 0.2258746038650345)	(50, 0.23270987385819922)	(52, 0.24016653203256075)	(54, 0.24482694339153668)	(56, 0.25041943702230784)	(58, 0.2563226247436774)	(60, 0.26191511837444853)	(62, 0.270925247001802)	(64, 0.28117815199154916)	(66, 0.2898775865283042)	(68, 0.29795563288386256)	(70, 0.30479090287702726)	(72, 0.31286894923258557)	(74, 0.32001491331634874)	(76, 0.3299571242154974)	(78, 0.33586031193686694)	(80, 0.34145280556763813)	(82, 0.34859876965140124)	(84, 0.3560554278257627)	(86, 0.3616479214565339)	(88, 0.3706580500838874)	(90, 0.37500776735226493)	(92, 0.3818430373454297)	(94, 0.3936494127881688)	(96, 0.4017274591437271)	(98, 0.4070092586838998)	(100, 0.41633008140185174)	(102, 0.42316535139501643)	(104, 0.430622009569378)	(106, 0.4405642204685267)	(108, 0.4508171254582738)	(110, 0.4595165599950289)	(112, 0.4660411358975952)	(114, 0.4790902877027279)	(116, 0.4884111104206798)	(118, 0.501149568135214)	(120, 0.5092276144907724)	(122, 0.5179270490275275)	(124, 0.5260050953830858)	(126, 0.535636612191636)	(128, 0.5430932703659976)	(130, 0.5533461753557447)	(132, 0.5654632448890822)	(134, 0.5744733735164358)	(136, 0.5822407257813956)	(138, 0.5949791834959299)
Sample_C_R1 - illumina_universal_adapter	(1, 1.9250605853476668)	(2, 1.9250605853476668)	(3, 1.9250605853476668)	(4, 1.9250605853476668)	(5, 1.9250605853476668)	(6, 1.9251848629839061)	(7, 1.9251848629839061)	(8, 1.9251848629839061)	(9, 1.9251848629839061)	(10, 1.9251848629839061)	(12, 1.9251848629839061)	(14, 1.9251848629839061)	(16, 1.9251848629839061)	(18, 1.9251848629839061)	(20, 1.9251848629839061)	(22, 1.9251848629839061)	(24, 1.9251848629839061)	(26, 1.9252470018020258)	(28, 1.9253091406201455)	(30, 1.9253091406201455)	(32, 1.9253091406201455)	(34, 1.957186354315541)	(36, 1.9890635680109365)	(38, 1.9890635680109365)	(40, 1.9890635680109365)	(42, 1.9890635680109365)	(44, 1.9890635680109365)	(46, 1.9890635680109365)	(48, 1.9890635680109365)	(50, 1.9890635680109365)	(52, 1.9890635680109365)	(54, 1.9890635680109365)	(56, 2.6107624432983285)	(58, 3.4407506369228855)	(60, 4.262660784191885)	(62, 5.088174982911825)	(64, 5.919405952898776)	(66, 6.75784502578761)	(68, 7.586776859504132)	(70, 8.417634996582365)	(72, 9.244454110482819)	(74, 10.074380165289256)	(76, 10.904306220095695)	(78, 11.746970732616667)	(80, 12.58149505996396)	(82, 13.403840178959797)	(84, 14.215373143602807)	(86, 15.032436463058474)	(88, 15.865904430497732)	(90, 16.684769775678866)	(92, 17.49779407195675)	(94, 18.31746722177344)	(96, 19.12204063878705)	(98, 19.93233082706767)	(100, 20.730566084633068)	(102, 21.53507736282856)	(104, 22.334555396756354)	(106, 23.13154787795936)	(108, 23.928788914434847)	(110, 24.703411421114772)	(112, 25.469272354439816)	(114, 26.243335611756663)	(116, 27.000310694090597)	(118, 27.756664388243337)	(120, 28.522711738022743)	(122, 29.26725905673274)	(124, 30.024172000248555)	(126, 30.761014105511713)	(128, 31.47604548561486)	(130, 32.20897284533648)	(132, 32.93866898651588)	(134, 33.677499533958866)	(136, 34.40558006586714)	(138, 35.1480768035792)
Sample_C_R1 - polya	(1, 0.01789597961846766)	(2, 0.02224569688684521)	(3, 0.025849748337786617)	(4, 0.03019946560616417)	(5, 0.03467346051078109)	(6, 0.038526067234201204)	(7, 0.041757285776424534)	(8, 0.04573417013608401)	(9, 0.049338221587025416)	(10, 0.056173491580190145)	(12, 0.0647486484807059)	(14, 0.0725781395637855)	(16, 0.08028335301062574)	(18, 0.08680792891319207)	(20, 0.09407817063319455)	(22, 0.10457963089542037)	(24, 0.11371403715901324)	(26, 0.12297272105884546)	(28, 0.13229354377679736)	(30, 0.13987447958739824)	(32, 0.14807680357919592)	(34, 0.15864040265954144)	(36, 0.16727769837817685)	(38, 0.17628782700553036)	(40, 0.1861057602684397)	(42, 0.19673149816690486)	(44, 0.20406387870502704)	(46, 0.21245261915118374)	(48, 0.22140060896041758)	(50, 0.22867085068042006)	(52, 0.23705959112657676)	(54, 0.2438327223016218)	(56, 0.2514757969303424)	(58, 0.2601130926489778)	(60, 0.26775616727769835)	(62, 0.2763934629963338)	(64, 0.2852171751693283)	(66, 0.29317094388864723)	(68, 0.29988193624557263)	(70, 0.30833281550984903)	(72, 0.3167215559560057)	(74, 0.32566954576523954)	(76, 0.3334368980301995)	(78, 0.34188777729447584)	(80, 0.34915801901447835)	(82, 0.3563661219163612)	(84, 0.3643820294537998)	(86, 0.371900826446281)	(88, 0.3785496799850867)	(90, 0.3855713664326105)	(92, 0.3924687752438949)	(94, 0.3986826570558628)	(96, 0.40502081650407007)	(98, 0.4104890324986019)	(100, 0.4167650531286895)	(102, 0.42310321257689676)	(104, 0.4290064002982663)	(106, 0.43466103274715717)	(108, 0.4411234698316038)	(110, 0.4465916858261356)	(112, 0.4521841794569067)	(114, 0.4570310072702417)	(116, 0.4616914186292177)	(118, 0.4674081898962282)	(120, 0.473062822345119)	(122, 0.4784067607034114)	(124, 0.4823215062449512)	(126, 0.486049835332132)	(128, 0.49120735723606535)	(130, 0.49512210277760516)	(132, 0.4996582365003418)	(134, 0.5048778972223948)	(136, 0.5097247250357297)	(138, 0.5137637482135089)
Sample_C_R1 - polyg	(1, 0.0)	(2, 0.0)	(3, 0.0)	(4, 0.0)	(5, 0.0)	(6, 0.0)	(7, 0.00012427763623935873)	(8, 0.00012427763623935873)	(9, 0.00012427763623935873)	(10, 0.00012427763623935873)	(12, 0.00012427763623935873)	(14, 0.00012427763623935873)	(16, 0.00012427763623935873)	(18, 0.00012427763623935873)	(20, 0.0001864164543590381)	(22, 0.00024855527247871745)	(24, 0.00024855527247871745)	(26, 0.00024855527247871745)	(28, 0.00024855527247871745)	(30, 0.00024855527247871745)	(32, 0.00024855527247871745)	(34, 0.00024855527247871745)	(36, 0.00024855527247871745)	(38, 0.0003106940905983968)	(40, 0.0003728329087180762)	(42, 0.0003728329087180762)	(44, 0.0004971105449574349)	(46, 0.0004971105449574349)	(48, 0.0004971105449574349)	(50, 0.0004971105449574349)	(52, 0.0004971105449574349)	(54, 0.0004971105449574349)	(56, 0.0004971105449574349)	(58, 0.0004971105449574349)	(60, 0.0004971105449574349)	(62, 0.0006213881811967936)	(64, 0.0006213881811967936)	(66, 0.0006213881811967936)	(68, 0.0006213881811967936)	(70, 0.0006213881811967936)	(72, 0.0007456658174361524)	(74, 0.0008699434536755111)	(76, 0.0008699434536755111)	(78, 0.0008699434536755111)	(80, 0.0008699434536755111)	(82, 0.0008699434536755111)	(84, 0.0009942210899148698)	(86, 0.0009942210899148698)	(88, 0.008326601628037035)	(90, 0.24414341639222023)	(92, 0.8910085130180824)	(94, 1.5471944323618965)	(96, 2.1886534518113465)	(98, 2.826819113900454)	(100, 3.472689989436401)	(102, 4.126949605418505)	(104, 4.797489591747965)	(106, 5.4442925495557075)	(108, 6.097185111539179)	(110, 6.747343565525384)	(112, 7.405642204685266)	(114, 8.048157584042752)	(116, 8.698316038028956)	(118, 9.333312620393961)	(120, 9.982787547380848)	(122, 10.617100602746536)	(124, 11.254396321381968)	(126, 11.911390045361337)	(128, 12.5775181756043)	(130, 13.242714223575469)	(132, 13.914124153358603)	(134, 14.563350525073012)	(136, 14.973715279935375)	(138, 14.973839557571615)
Sample_C_R2 - illumina_universal_adapter	(1, 1.9208351457155284)	(2, 1.9208351457155284)	(3, 1.9208351457155284)	(4, 1.9208351457155284)	(5, 1.9208351457155284)	(6, 1.9208351457155284)	(7, 1.9208351457155284)	(8, 1.9208351457155284)	(9, 1.9208351457155284)	(10, 1.9208351457155284)	(12, 1.9208351457155284)	(14, 1.9208351457155284)	(16, 1.9208351457155284)	(18, 1.9208351457155284)	(20, 1.9208351457155284)	(22, 1.9208351457155284)	(24, 1.9208351457155284)	(26, 1.9208351457155284)	(28, 1.9208351457155284)	(30, 1.9208351457155284)	(32, 1.920959423351768)	(34, 1.9880693469210216)	(36, 1.9880693469210216)	(38, 1.9880693469210216)	(40, 1.9880693469210216)	(42, 1.9880693469210216)	(44, 1.9880693469210216)	(46, 1.9880693469210216)	(48, 1.9880693469210216)	(50, 1.9880693469210216)	(52, 1.9880693469210216)	(54, 1.9880693469210216)	(56, 2.6075933635742246)	(58, 3.4395699993786115)	(60, 4.260858758466414)	(62, 5.087118623003791)	(64, 5.916858261355869)	(66, 6.755359473062823)	(68, 7.5854719443236185)	(70, 8.421363325669546)	(72, 9.250730131112906)	(74, 10.083763126825328)	(76, 10.915677623811595)	(78, 11.756105138880258)	(80, 12.588268191139004)	(82, 13.405828621139626)	(84, 14.217920835145716)	(86, 15.035232709873858)	(88, 15.874666003852607)	(90, 16.700242341390666)	(92, 17.51537935748462)	(94, 18.334368980301996)	(96, 19.141241533586033)	(98, 19.955011495681354)	(100, 20.753371030882995)	(102, 21.552724787174547)	(104, 22.349344435468836)	(106, 23.142484309948426)	(108, 23.93469210215622)	(110, 24.70695333374759)	(112, 25.47691542906854)	(114, 26.250357298204186)	(116, 27.007021686447523)	(118, 27.75386814142795)	(120, 28.512955943577953)	(122, 29.25998881501274)	(124, 30.01882806189026)	(126, 30.756788665879576)	(128, 31.47505126452495)	(130, 32.20393960106878)	(132, 32.92443919716647)	(134, 33.67085068042006)	(136, 34.40228670850681)	(138, 35.13794817622569)
Sample_C_R2 - polya	(1, 0.015783259802398558)	(2, 0.020257254707015473)	(3, 0.02435841670291431)	(4, 0.029205244516249302)	(5, 0.03330640651214814)	(6, 0.038401789597961845)	(7, 0.04213011868514261)	(8, 0.046355558317280804)	(9, 0.0512023861306158)	(10, 0.05959112657677251)	(12, 0.07201889020070838)	(14, 0.08264462809917356)	(16, 0.09196545081712545)	(18, 0.10022991362704281)	(20, 0.10824582116448145)	(22, 0.11669670042875785)	(24, 0.1255204126017523)	(26, 0.1339712918660287)	(28, 0.1423600323121854)	(30, 0.15192941030261603)	(32, 0.1595724849313366)	(34, 0.1674019760144162)	(36, 0.177903436276642)	(38, 0.1869757037221152)	(40, 0.19586155471322936)	(42, 0.20474740570434352)	(44, 0.21251475796930341)	(46, 0.22121419250605853)	(48, 0.22978934940657428)	(50, 0.23786739576213262)	(52, 0.24464052693717764)	(54, 0.25222146274777857)	(56, 0.2611694525570124)	(58, 0.2697446094575281)	(60, 0.2792518486298391)	(62, 0.2882619772571926)	(64, 0.2956564966134344)	(66, 0.3025539054247188)	(68, 0.311439756415833)	(70, 0.318212887590878)	(72, 0.32635307276455605)	(74, 0.3338097309389175)	(76, 0.33996147393276577)	(78, 0.34692102156216986)	(80, 0.3528242092835394)	(82, 0.3583545640961909)	(84, 0.3642577518175604)	(86, 0.3714037159013236)	(88, 0.37749332007705216)	(90, 0.3845771453426956)	(92, 0.3906046107003045)	(94, 0.3958864102404772)	(96, 0.40067109923569255)	(98, 0.4076927856832163)	(100, 0.41365811222270554)	(102, 0.42136332566954576)	(104, 0.4263965699372398)	(106, 0.4314919530230535)	(108, 0.4373330019263033)	(110, 0.4426769402845958)	(112, 0.44851798918784563)	(114, 0.45324053936494124)	(116, 0.4586466165413534)	(118, 0.4639905548996458)	(120, 0.46970732616665634)	(122, 0.4750512645249487)	(124, 0.4802087864288821)	(126, 0.4856148636052942)	(128, 0.4911452184179457)	(130, 0.4953706580500839)	(132, 0.4982290436835891)	(134, 0.5028273162244454)	(136, 0.5079848381283788)	(138, 0.5131423600323122)
Sample_C_R2 - polyg	(1, 0.00024855527247871745)	(2, 0.0003728329087180762)	(3, 0.0004971105449574349)	(4, 0.0004971105449574349)	(5, 0.0004971105449574349)	(6, 0.0004971105449574349)	(7, 0.0004971105449574349)	(8, 0.0004971105449574349)	(9, 0.0006213881811967936)	(10, 0.0006213881811967936)	(12, 0.0006213881811967936)	(14, 0.0006213881811967936)	(16, 0.0006835269993164729)	(18, 0.0007456658174361524)	(20, 0.0009942210899148698)	(22, 0.0009942210899148698)	(24, 0.0009942210899148698)	(26, 0.0011184987261542286)	(28, 0.0011184987261542286)	(30, 0.0011184987261542286)	(32, 0.0011184987261542286)	(34, 0.0011184987261542286)	(36, 0.001180637544273908)	(38, 0.0012427763623935873)	(40, 0.0012427763623935873)	(42, 0.0012427763623935873)	(44, 0.0012427763623935873)	(46, 0.0012427763623935873)	(48, 0.0012427763623935873)	(50, 0.0012427763623935873)	(52, 0.0013049151805132667)	(54, 0.001367053998632946)	(56, 0.001367053998632946)	(58, 0.001367053998632946)	(60, 0.001367053998632946)	(62, 0.001367053998632946)	(64, 0.001367053998632946)	(66, 0.001367053998632946)	(68, 0.001367053998632946)	(70, 0.001367053998632946)	(72, 0.001367053998632946)	(74, 0.001367053998632946)	(76, 0.001367053998632946)	(78, 0.001367053998632946)	(80, 0.0014291928167526253)	(82, 0.0014913316348723047)	(84, 0.0014913316348723047)	(86, 0.001677748089231343)	(88, 0.021189336978810664)	(90, 0.25775181756043003)	(92, 0.900577891008513)	(94, 1.5566395327160878)	(96, 2.1926924749891255)	(98, 2.8572671347790966)	(100, 3.525570123656248)	(102, 4.1728080531908285)	(104, 4.825762753992419)	(106, 5.46703535698751)	(108, 6.123656248058162)	(110, 6.783321941216678)	(112, 7.4458460200087)	(114, 8.08140185173678)	(116, 8.737028521717516)	(118, 9.405580065867147)	(120, 10.067482756477972)	(122, 10.717827626918535)	(124, 11.360840116820977)	(126, 12.021500031069408)	(128, 12.677126701050145)	(130, 13.32548312931088)	(132, 13.970359783756912)	(134, 14.601503759398497)	(136, 14.995339588641023)	(138, 14.995339588641023)
Sample_D_R1 - polya	(1, 0.01466476107624433)	(2, 0.018890200708382526)	(3, 0.02448269433915367)	(4, 0.028086745790095072)	(5, 0.032809295967190705)	(6, 0.03653762505437146)	(7, 0.03989312123283415)	(8, 0.04349717268377556)	(9, 0.048219722860871186)	(10, 0.05561424221711303)	(12, 0.06555645311626174)	(14, 0.07500155347045298)	(16, 0.08407382091592619)	(18, 0.09345678245199776)	(20, 0.1014726899894364)	(22, 0.10986143043559311)	(24, 0.11880942024482694)	(26, 0.12738457714534268)	(28, 0.13571117877337974)	(30, 0.1432921145839806)	(32, 0.15068663394022247)	(34, 0.15944820729509723)	(36, 0.1694525570123656)	(38, 0.17840054682159945)	(40, 0.1867271484496365)	(42, 0.19387311253339962)	(44, 0.20058410489032497)	(46, 0.20791648542844715)	(48, 0.21400608960417572)	(50, 0.2210277760516995)	(52, 0.22891940595289878)	(54, 0.23718386876281614)	(56, 0.2474989125706829)	(58, 0.2563226247436774)	(60, 0.2644006710992357)	(62, 0.2727894115453924)	(64, 0.2811781519915491)	(66, 0.28745417262163675)	(68, 0.2947244143416392)	(70, 0.30224321133412047)	(72, 0.3093270365997639)	(74, 0.3144224196855776)	(76, 0.321319828496862)	(78, 0.3276579879450693)	(80, 0.33300192630336173)	(82, 0.3396507798421674)	(84, 0.3445597464736221)	(86, 0.350587211831231)	(88, 0.3562418442801218)	(90, 0.3616479214565339)	(92, 0.3680482197228609)	(94, 0.37345429689927295)	(96, 0.3786118188032064)	(98, 0.3842664512520972)	(100, 0.389734667246629)	(102, 0.394767911514323)	(104, 0.40036040514509413)	(106, 0.4051450941403094)	(108, 0.40930839495432797)	(110, 0.41384452867706456)	(112, 0.41869135649039957)	(114, 0.4227925184862984)	(116, 0.42621015348288077)	(118, 0.4301248990244205)	(120, 0.4344124774746784)	(122, 0.4380165289256198)	(124, 0.4417448580128006)	(126, 0.44423041073758773)	(128, 0.4471509351892127)	(130, 0.45025787609519663)	(132, 0.45274342881998386)	(134, 0.4547318709998136)	(136, 0.45759025663331887)	(138, 0.46088361399366184)
Sample_D_R2 - polya	(1, 0.016280370347355994)	(2, 0.021002920524451626)	(3, 0.025974025974025976)	(4, 0.03019946560616417)	(5, 0.03430062760206301)	(6, 0.03865034487044056)	(7, 0.04324861741129684)	(8, 0.047349779407195675)	(9, 0.05082955322189772)	(10, 0.05797551730566085)	(12, 0.06710992356925372)	(14, 0.0761821910147269)	(16, 0.08537873609643945)	(18, 0.09401603181507487)	(20, 0.10221835580687255)	(22, 0.1099235692537128)	(24, 0.11905797551730565)	(26, 0.1279438265084198)	(28, 0.1352140682284223)	(30, 0.14260858758466416)	(32, 0.1496924128503076)	(34, 0.15658982166159202)	(36, 0.1641086186540732)	(38, 0.17081961101099857)	(40, 0.17802771391288136)	(42, 0.18511153917852483)	(44, 0.19269247498912573)	(46, 0.1987820791648543)	(48, 0.20518237743118126)	(50, 0.21245261915118374)	(52, 0.2210277760516995)	(54, 0.22780090722674454)	(56, 0.23712172994469644)	(58, 0.24464052693717764)	(60, 0.2518486298390604)	(62, 0.2584353445597465)	(64, 0.2662648356428261)	(66, 0.2716087740011185)	(68, 0.2772634064500093)	(70, 0.2834151494438576)	(72, 0.2886969489840303)	(74, 0.29304666625240783)	(76, 0.2991362704281365)	(78, 0.30528801342198475)	(80, 0.3110669235071149)	(82, 0.31790219350027965)	(84, 0.3218790778599391)	(86, 0.3272851550363512)	(88, 0.33281550984900266)	(90, 0.3366059777543031)	(92, 0.34132852793139873)	(94, 0.3447461629279811)	(96, 0.3487230472876406)	(98, 0.3528863481016591)	(100, 0.3561797054620021)	(102, 0.35872739700490897)	(104, 0.36295283663704714)	(106, 0.3661840551792705)	(108, 0.3693531349033741)	(110, 0.3716522711738023)	(112, 0.3746349344435469)	(114, 0.3778040141676505)	(116, 0.3806002609830361)	(118, 0.3827129807991052)	(120, 0.3860063381594482)	(122, 0.38768408624867956)	(124, 0.3903560554278258)	(126, 0.39253091406201457)	(128, 0.3942086621512459)	(130, 0.3958864102404772)	(132, 0.39743988069346925)	(134, 0.3989312123283415)	(136, 0.40017398869073506)	(138, 0.4017274591437271)
